2.6694549  2.59477817 2.52089447 2.44799763 2.37644337
2.66949922 2.59485208 2.52101373 2.44818377 2.37672376
2.66954687 2.59493144 2.52114157 2.4483828  2.37702259
2.66959832 2.595017   2.52127911 2.44859634 2.37734205
2.66965411 2.59510963 2.52142769 2.44882629 2.37768466

2.67400227 2.59980034 2.52637045 2.45388393 2.38267084
2.67404205 2.59986671 2.52647768 2.45405163 2.38292428
2.67408467 2.59993774 2.52659224 2.45423042 2.3831937 
2.67413051 2.60001402 2.52671507 2.45442165 2.38348095
2.67418001 2.60009629 2.52684727 2.45462689 2.38378815

2.67843614 2.6047015  2.53172121 2.45964553 2.38878011
2.67847198 2.60476132 2.53181793 2.45979706 2.38900978
2.67851026 2.60482512 2.53192096 2.45995817 2.38925333
2.67855127 2.60489341 2.53203107 2.46012999 2.38951233
2.67859538 2.60496679 2.53214916 2.46031382 2.38978858

2.68275978 2.60948471 2.53694922 2.46528386 2.39477115
2.68279219 2.6095388  2.53703674 2.46542119 2.3949798 
2.68282668 2.60959631 2.5371297  2.4655668  2.39520054
2.68286352 2.60965768 2.53722875 2.46572166 2.3954347 
2.682903   2.60972338 2.53733463 2.46588686 2.39568381

2.68697643 2.61415303 2.54205708 2.47080067 2.4006444 
2.68700582 2.61420209 2.54213651 2.47092545 2.4008344 
2.68703702 2.61425411 2.54222065 2.47105744 2.40103497
2.68707023 2.61430945 2.54231004 2.47119744 2.40124723
2.6871057  2.61436851 2.54240531 2.47134636 2.40147247