2.5053749  2.41171921 2.31822318 2.22514801 2.13282324
2.51467058 2.42188833 2.32917097 2.23672778 2.14483824
2.52367027 2.43174523 2.33980001 2.2479947  2.15656053
2.53238444 2.44129928 2.35011731 2.25895221 2.16798884
2.5408231  2.45055951 2.36012986 2.26960396 2.17912246

2.50551086 2.41195429 2.31861598 2.22578092 2.13380288
2.5148069  2.42212366 2.32956371 2.23736005 2.14581656
2.5238078  2.43198223 2.34019487 2.24862955 2.15754191
2.53252407 2.44153941 2.3505166  2.25959299 2.16897783
2.5409658  2.45080434 2.360536   2.27025422 2.18012386

2.50563912 2.41217611 2.31898683 2.22637895 2.13472974
2.51493495 2.42234481 2.32993303 2.2379553  2.14673918
2.5239364  2.43220397 2.34056467 2.24922497 2.15846432
2.53265401 2.44176305 2.35088894 2.26019162 2.16990417
2.5410979  2.45103126 2.36091303 2.27085924 2.18105846

2.50576057 2.41238619 2.31933813 2.22694579 2.13560912
2.51505569 2.4225534  2.33028157 2.23851753 2.14761179
2.52405713 2.43241225 2.3409123  2.24978534 2.15933389
2.53277544 2.4419722  2.35123752 2.26075289 2.17077452
2.54122079 2.45124251 2.36126449 2.27142427 2.18193352

2.50587599 2.41258584 2.31967202 2.2274847  2.13644571
2.51516997 2.42275087 2.33061162 2.23905025 2.14843941
2.52417093 2.43260863 2.34124023 2.25031444 2.16015605
2.53288942 2.44216858 2.35156506 2.26128093 2.17159474
2.5413356  2.45144001 2.3615934  2.27195384 2.1827554 