1.45e-06 2.84e-07 5.57e-07 4.3700000000000006e-07
1.45025e-06 2.84e-07 5.57e-07 4.3700000000000006e-07
1.4505e-06 2.84e-07 5.58e-07 4.3800000000000003e-07
1.4507499999999998e-06 2.84e-07 5.58e-07 4.3800000000000003e-07
1.4509999999999997e-06 2.84e-07 5.58e-07 4.3800000000000003e-07
1.4512499999999997e-06 2.84e-07 5.59e-07 4.3900000000000005e-07
1.4514999999999996e-06 2.84e-07 5.59e-07 4.3900000000000005e-07
1.4517499999999995e-06 2.84e-07 5.6e-07 4.4e-07
1.4519999999999994e-06 2.84e-07 5.6e-07 4.4e-07
1.4522499999999993e-06 2.84e-07 5.6e-07 4.4e-07
1.4524999999999992e-06 2.84e-07 5.61e-07 4.4100000000000004e-07
1.4527499999999991e-06 2.84e-07 5.61e-07 4.4100000000000004e-07
1.452999999999999e-06 2.84e-07 5.62e-07 4.4200000000000007e-07
1.453249999999999e-06 2.84e-07 5.62e-07 4.4200000000000007e-07
1.4534999999999989e-06 2.84e-07 5.62e-07 4.4200000000000007e-07
1.4537499999999988e-06 2.84e-07 5.63e-07 4.4300000000000004e-07
1.4539999999999987e-06 2.84e-07 5.63e-07 4.4300000000000004e-07
1.4542499999999986e-06 2.84e-07 5.64e-07 4.4400000000000006e-07
1.4544999999999985e-06 2.84e-07 5.64e-07 4.4400000000000006e-07
1.4547499999999984e-06 2.84e-07 5.64e-07 4.4400000000000006e-07
1.4549999999999984e-06 2.84e-07 5.65e-07 4.4500000000000003e-07
1.4552499999999983e-06 2.84e-07 5.65e-07 4.4500000000000003e-07
1.4554999999999982e-06 2.84e-07 5.66e-07 4.4600000000000005e-07
1.455749999999998e-06 2.86e-07 5.57e-07 4.3700000000000006e-07
1.455999999999998e-06 2.86e-07 5.57e-07 4.3700000000000006e-07
1.456249999999998e-06 2.86e-07 5.58e-07 4.3800000000000003e-07
1.4564999999999978e-06 2.86e-07 5.58e-07 4.3800000000000003e-07
1.4567499999999977e-06 2.86e-07 5.58e-07 4.3800000000000003e-07
1.4569999999999977e-06 2.86e-07 5.59e-07 4.3900000000000005e-07
1.4572499999999976e-06 2.86e-07 5.59e-07 4.3900000000000005e-07
1.4574999999999975e-06 2.86e-07 5.6e-07 4.4e-07
1.4577499999999974e-06 2.86e-07 5.6e-07 4.4e-07
1.4579999999999973e-06 2.86e-07 5.6e-07 4.4e-07
1.4582499999999972e-06 2.86e-07 5.61e-07 4.4100000000000004e-07
1.4584999999999971e-06 2.86e-07 5.61e-07 4.4100000000000004e-07
1.458749999999997e-06 2.86e-07 5.62e-07 4.4200000000000007e-07
1.458999999999997e-06 2.86e-07 5.62e-07 4.4200000000000007e-07
1.4592499999999969e-06 2.86e-07 5.62e-07 4.4200000000000007e-07
1.4594999999999968e-06 2.86e-07 5.63e-07 4.4300000000000004e-07
1.4597499999999967e-06 2.86e-07 5.63e-07 4.4300000000000004e-07
1.4599999999999966e-06 2.86e-07 5.64e-07 4.4400000000000006e-07
1.4602499999999965e-06 2.86e-07 5.64e-07 4.4400000000000006e-07
1.4604999999999964e-06 2.86e-07 5.64e-07 4.4400000000000006e-07
1.4607499999999963e-06 2.86e-07 5.65e-07 4.4500000000000003e-07
1.4609999999999963e-06 2.86e-07 5.65e-07 4.4500000000000003e-07
1.4612499999999962e-06 2.8800000000000004e-07 5.560000000000001e-07 4.3600000000000004e-07
1.461499999999996e-06 2.8800000000000004e-07 5.57e-07 4.3700000000000006e-07
1.461749999999996e-06 2.8800000000000004e-07 5.57e-07 4.3700000000000006e-07
1.461999999999996e-06 2.8800000000000004e-07 5.58e-07 4.3800000000000003e-07
1.4622499999999958e-06 2.8800000000000004e-07 5.58e-07 4.3800000000000003e-07
1.4624999999999957e-06 2.8800000000000004e-07 5.58e-07 4.3800000000000003e-07
1.4627499999999957e-06 2.8800000000000004e-07 5.59e-07 4.3900000000000005e-07
1.4629999999999956e-06 2.8800000000000004e-07 5.59e-07 4.3900000000000005e-07
1.4632499999999955e-06 2.8800000000000004e-07 5.6e-07 4.4e-07
1.4634999999999954e-06 2.8800000000000004e-07 5.6e-07 4.4e-07
1.4637499999999953e-06 2.8800000000000004e-07 5.6e-07 4.4e-07
1.4639999999999952e-06 2.8800000000000004e-07 5.61e-07 4.4100000000000004e-07
1.4642499999999951e-06 2.8800000000000004e-07 5.61e-07 4.4100000000000004e-07
1.464499999999995e-06 2.8800000000000004e-07 5.62e-07 4.4200000000000007e-07
1.464749999999995e-06 2.8800000000000004e-07 5.62e-07 4.4200000000000007e-07
1.4649999999999949e-06 2.8800000000000004e-07 5.62e-07 4.4200000000000007e-07
1.4652499999999948e-06 2.8800000000000004e-07 5.63e-07 4.4300000000000004e-07
1.4654999999999947e-06 2.8800000000000004e-07 5.63e-07 4.4300000000000004e-07
1.4657499999999946e-06 2.8800000000000004e-07 5.64e-07 4.4400000000000006e-07
1.4659999999999945e-06 2.8800000000000004e-07 5.64e-07 4.4400000000000006e-07
1.4662499999999944e-06 2.8800000000000004e-07 5.65e-07 4.4500000000000003e-07
1.4664999999999943e-06 2.8800000000000004e-07 5.65e-07 4.4500000000000003e-07
1.4667499999999943e-06 2.8800000000000004e-07 5.65e-07 4.4500000000000003e-07
1.4669999999999942e-06 2.9000000000000003e-07 5.57e-07 4.3700000000000006e-07
1.467249999999994e-06 2.9000000000000003e-07 5.57e-07 4.3700000000000006e-07
1.467499999999994e-06 2.9000000000000003e-07 5.57e-07 4.3700000000000006e-07
1.467749999999994e-06 2.9000000000000003e-07 5.58e-07 4.3800000000000003e-07
1.4679999999999938e-06 2.9000000000000003e-07 5.58e-07 4.3800000000000003e-07
1.4682499999999937e-06 2.9000000000000003e-07 5.59e-07 4.3900000000000005e-07
1.4684999999999936e-06 2.9000000000000003e-07 5.59e-07 4.3900000000000005e-07
1.4687499999999936e-06 2.9000000000000003e-07 5.59e-07 4.3900000000000005e-07
1.4689999999999935e-06 2.9000000000000003e-07 5.6e-07 4.4e-07
1.4692499999999934e-06 2.9000000000000003e-07 5.6e-07 4.4e-07
1.4694999999999933e-06 2.9000000000000003e-07 5.61e-07 4.4100000000000004e-07
1.4697499999999932e-06 2.9000000000000003e-07 5.61e-07 4.4100000000000004e-07
1.4699999999999931e-06 2.9000000000000003e-07 5.61e-07 4.4100000000000004e-07
1.470249999999993e-06 2.9000000000000003e-07 5.62e-07 4.4200000000000007e-07
1.470499999999993e-06 2.9000000000000003e-07 5.62e-07 4.4200000000000007e-07
1.4707499999999929e-06 2.9000000000000003e-07 5.63e-07 4.4300000000000004e-07
1.4709999999999928e-06 2.9000000000000003e-07 5.63e-07 4.4300000000000004e-07
1.4712499999999927e-06 2.9000000000000003e-07 5.63e-07 4.4300000000000004e-07
1.4714999999999926e-06 2.9000000000000003e-07 5.64e-07 4.4400000000000006e-07
1.4717499999999925e-06 2.9000000000000003e-07 5.64e-07 4.4400000000000006e-07
1.4719999999999924e-06 2.9000000000000003e-07 5.65e-07 4.4500000000000003e-07
1.4722499999999923e-06 2.9000000000000003e-07 5.65e-07 4.4500000000000003e-07
1.4724999999999923e-06 2.9000000000000003e-07 5.65e-07 4.4500000000000003e-07
1.4727499999999922e-06 2.92e-07 5.57e-07 4.3700000000000006e-07
1.472999999999992e-06 2.92e-07 5.57e-07 4.3700000000000006e-07
1.473249999999992e-06 2.92e-07 5.57e-07 4.3700000000000006e-07
1.473499999999992e-06 2.92e-07 5.58e-07 4.3800000000000003e-07
1.4737499999999918e-06 2.92e-07 5.58e-07 4.3800000000000003e-07
1.4739999999999917e-06 2.92e-07 5.59e-07 4.3900000000000005e-07
1.4742499999999916e-06 2.92e-07 5.59e-07 4.3900000000000005e-07
1.4744999999999916e-06 2.92e-07 5.59e-07 4.3900000000000005e-07
1.4747499999999915e-06 2.92e-07 5.6e-07 4.4e-07
1.4749999999999914e-06 2.92e-07 5.6e-07 4.4e-07
1.4752499999999913e-06 2.92e-07 5.61e-07 4.4100000000000004e-07
1.4754999999999912e-06 2.92e-07 5.61e-07 4.4100000000000004e-07
1.4757499999999911e-06 2.92e-07 5.61e-07 4.4100000000000004e-07
1.475999999999991e-06 2.92e-07 5.62e-07 4.4200000000000007e-07
1.476249999999991e-06 2.92e-07 5.62e-07 4.4200000000000007e-07
1.4764999999999909e-06 2.92e-07 5.63e-07 4.4300000000000004e-07
1.4767499999999908e-06 2.92e-07 5.63e-07 4.4300000000000004e-07
1.4769999999999907e-06 2.92e-07 5.63e-07 4.4300000000000004e-07
1.4772499999999906e-06 2.92e-07 5.64e-07 4.4400000000000006e-07
1.4774999999999905e-06 2.92e-07 5.64e-07 4.4400000000000006e-07
1.4777499999999904e-06 2.92e-07 5.65e-07 4.4500000000000003e-07
1.4779999999999903e-06 2.92e-07 5.65e-07 4.4500000000000003e-07
1.4782499999999903e-06 2.92e-07 5.65e-07 4.4500000000000003e-07
1.4784999999999902e-06 2.94e-07 5.57e-07 4.3700000000000006e-07
1.47874999999999e-06 2.94e-07 5.57e-07 4.3700000000000006e-07
1.47899999999999e-06 2.94e-07 5.57e-07 4.3700000000000006e-07
1.47924999999999e-06 2.94e-07 5.58e-07 4.3800000000000003e-07
1.4794999999999898e-06 2.94e-07 5.58e-07 4.3800000000000003e-07
1.4797499999999897e-06 2.94e-07 5.59e-07 4.3900000000000005e-07
1.4799999999999896e-06 2.94e-07 5.59e-07 4.3900000000000005e-07
1.4802499999999896e-06 2.94e-07 5.59e-07 4.3900000000000005e-07
1.4804999999999895e-06 2.94e-07 5.6e-07 4.4e-07
1.4807499999999894e-06 2.94e-07 5.6e-07 4.4e-07
1.4809999999999893e-06 2.94e-07 5.61e-07 4.4100000000000004e-07
1.4812499999999892e-06 2.94e-07 5.61e-07 4.4100000000000004e-07
1.4814999999999891e-06 2.94e-07 5.61e-07 4.4100000000000004e-07
1.481749999999989e-06 2.94e-07 5.62e-07 4.4200000000000007e-07
1.481999999999989e-06 2.94e-07 5.62e-07 4.4200000000000007e-07
1.4822499999999889e-06 2.94e-07 5.63e-07 4.4300000000000004e-07
1.4824999999999888e-06 2.94e-07 5.63e-07 4.4300000000000004e-07
1.4827499999999887e-06 2.94e-07 5.64e-07 4.4400000000000006e-07
1.4829999999999886e-06 2.94e-07 5.64e-07 4.4400000000000006e-07
1.4832499999999885e-06 2.94e-07 5.64e-07 4.4400000000000006e-07
1.4834999999999884e-06 2.94e-07 5.65e-07 4.4500000000000003e-07
1.4837499999999883e-06 2.94e-07 5.65e-07 4.4500000000000003e-07
1.4839999999999882e-06 2.94e-07 5.66e-07 4.4600000000000005e-07
1.4842499999999882e-06 2.96e-07 5.57e-07 4.3700000000000006e-07
1.484499999999988e-06 2.96e-07 5.57e-07 4.3700000000000006e-07
1.484749999999988e-06 2.96e-07 5.58e-07 4.3800000000000003e-07
1.484999999999988e-06 2.96e-07 5.58e-07 4.3800000000000003e-07
1.4852499999999878e-06 2.96e-07 5.58e-07 4.3800000000000003e-07
1.4854999999999877e-06 2.96e-07 5.59e-07 4.3900000000000005e-07
1.4857499999999876e-06 2.96e-07 5.59e-07 4.3900000000000005e-07
1.4859999999999876e-06 2.96e-07 5.6e-07 4.4e-07
1.4862499999999875e-06 2.96e-07 5.6e-07 4.4e-07
1.4864999999999874e-06 2.96e-07 5.6e-07 4.4e-07
1.4867499999999873e-06 2.96e-07 5.61e-07 4.4100000000000004e-07
1.4869999999999872e-06 2.96e-07 5.61e-07 4.4100000000000004e-07
1.4872499999999871e-06 2.96e-07 5.62e-07 4.4200000000000007e-07
1.487499999999987e-06 2.96e-07 5.62e-07 4.4200000000000007e-07
1.487749999999987e-06 2.96e-07 5.62e-07 4.4200000000000007e-07
1.4879999999999869e-06 2.96e-07 5.63e-07 4.4300000000000004e-07
1.4882499999999868e-06 2.96e-07 5.63e-07 4.4300000000000004e-07
1.4884999999999867e-06 2.96e-07 5.64e-07 4.4400000000000006e-07
1.4887499999999866e-06 2.96e-07 5.64e-07 4.4400000000000006e-07
1.4889999999999865e-06 2.96e-07 5.64e-07 4.4400000000000006e-07
1.4892499999999864e-06 2.96e-07 5.65e-07 4.4500000000000003e-07
1.4894999999999863e-06 2.96e-07 5.65e-07 4.4500000000000003e-07
1.4897499999999862e-06 2.98e-07 5.560000000000001e-07 4.3600000000000004e-07
1.4899999999999862e-06 2.98e-07 5.57e-07 4.3700000000000006e-07
1.490249999999986e-06 2.98e-07 5.57e-07 4.3700000000000006e-07
1.490499999999986e-06 2.98e-07 5.58e-07 4.3800000000000003e-07
1.490749999999986e-06 2.98e-07 5.58e-07 4.3800000000000003e-07
1.4909999999999858e-06 2.98e-07 5.58e-07 4.3800000000000003e-07
1.4912499999999857e-06 2.98e-07 5.59e-07 4.3900000000000005e-07
1.4914999999999856e-06 2.98e-07 5.59e-07 4.3900000000000005e-07
1.4917499999999855e-06 2.98e-07 5.6e-07 4.4e-07
1.4919999999999855e-06 2.98e-07 5.6e-07 4.4e-07
1.4922499999999854e-06 2.98e-07 5.6e-07 4.4e-07
1.4924999999999853e-06 2.98e-07 5.61e-07 4.4100000000000004e-07
1.4927499999999852e-06 2.98e-07 5.61e-07 4.4100000000000004e-07
1.4929999999999851e-06 2.98e-07 5.62e-07 4.4200000000000007e-07
1.493249999999985e-06 2.98e-07 5.62e-07 4.4200000000000007e-07
1.493499999999985e-06 2.98e-07 5.62e-07 4.4200000000000007e-07
1.4937499999999849e-06 2.98e-07 5.63e-07 4.4300000000000004e-07
1.4939999999999848e-06 2.98e-07 5.63e-07 4.4300000000000004e-07
1.4942499999999847e-06 2.98e-07 5.64e-07 4.4400000000000006e-07
1.4944999999999846e-06 2.98e-07 5.64e-07 4.4400000000000006e-07
1.4947499999999845e-06 2.98e-07 5.64e-07 4.4400000000000006e-07
1.4949999999999844e-06 2.98e-07 5.65e-07 4.4500000000000003e-07
1.4952499999999843e-06 2.98e-07 5.65e-07 4.4500000000000003e-07
1.4954999999999842e-06 3.0000000000000004e-07 5.560000000000001e-07 4.3600000000000004e-07
1.4957499999999842e-06 3.0000000000000004e-07 5.57e-07 4.3700000000000006e-07
1.495999999999984e-06 3.0000000000000004e-07 5.57e-07 4.3700000000000006e-07
1.496249999999984e-06 3.0000000000000004e-07 5.58e-07 4.3800000000000003e-07
1.4964999999999839e-06 3.0000000000000004e-07 5.58e-07 4.3800000000000003e-07
1.4967499999999838e-06 3.0000000000000004e-07 5.58e-07 4.3800000000000003e-07
1.4969999999999837e-06 3.0000000000000004e-07 5.59e-07 4.3900000000000005e-07
1.4972499999999836e-06 3.0000000000000004e-07 5.59e-07 4.3900000000000005e-07
1.4974999999999835e-06 3.0000000000000004e-07 5.6e-07 4.4e-07
1.4977499999999835e-06 3.0000000000000004e-07 5.6e-07 4.4e-07
1.4979999999999834e-06 3.0000000000000004e-07 5.61e-07 4.4100000000000004e-07
1.4982499999999833e-06 3.0000000000000004e-07 5.61e-07 4.4100000000000004e-07
1.4984999999999832e-06 3.0000000000000004e-07 5.61e-07 4.4100000000000004e-07
1.4987499999999831e-06 3.0000000000000004e-07 5.62e-07 4.4200000000000007e-07
1.498999999999983e-06 3.0000000000000004e-07 5.62e-07 4.4200000000000007e-07
1.499249999999983e-06 3.0000000000000004e-07 5.63e-07 4.4300000000000004e-07
1.4994999999999828e-06 3.0000000000000004e-07 5.63e-07 4.4300000000000004e-07
1.4997499999999828e-06 3.0000000000000004e-07 5.63e-07 4.4300000000000004e-07
1.4999999999999827e-06 3.0000000000000004e-07 5.64e-07 4.4400000000000006e-07
1.5002499999999826e-06 3.0000000000000004e-07 5.64e-07 4.4400000000000006e-07
1.5004999999999825e-06 3.0000000000000004e-07 5.65e-07 4.4500000000000003e-07
1.5007499999999824e-06 3.0000000000000004e-07 5.65e-07 4.4500000000000003e-07
1.5009999999999823e-06 3.0000000000000004e-07 5.65e-07 4.4500000000000003e-07
1.5012499999999822e-06 3.0200000000000003e-07 5.57e-07 4.3700000000000006e-07
1.5014999999999822e-06 3.0200000000000003e-07 5.57e-07 4.3700000000000006e-07
1.501749999999982e-06 3.0200000000000003e-07 5.57e-07 4.3700000000000006e-07
1.501999999999982e-06 3.0200000000000003e-07 5.58e-07 4.3800000000000003e-07
1.5022499999999819e-06 3.0200000000000003e-07 5.58e-07 4.3800000000000003e-07
1.5024999999999818e-06 3.0200000000000003e-07 5.59e-07 4.3900000000000005e-07
1.5027499999999817e-06 3.0200000000000003e-07 5.59e-07 4.3900000000000005e-07
1.5029999999999816e-06 3.0200000000000003e-07 5.59e-07 4.3900000000000005e-07
1.5032499999999815e-06 3.0200000000000003e-07 5.6e-07 4.4e-07
1.5034999999999815e-06 3.0200000000000003e-07 5.6e-07 4.4e-07
1.5037499999999814e-06 3.0200000000000003e-07 5.61e-07 4.4100000000000004e-07
1.5039999999999813e-06 3.0200000000000003e-07 5.61e-07 4.4100000000000004e-07
1.5042499999999812e-06 3.0200000000000003e-07 5.61e-07 4.4100000000000004e-07
1.5044999999999811e-06 3.0200000000000003e-07 5.62e-07 4.4200000000000007e-07
1.504749999999981e-06 3.0200000000000003e-07 5.62e-07 4.4200000000000007e-07
1.504999999999981e-06 3.0200000000000003e-07 5.63e-07 4.4300000000000004e-07
1.5052499999999808e-06 3.0200000000000003e-07 5.63e-07 4.4300000000000004e-07
1.5054999999999808e-06 3.0200000000000003e-07 5.63e-07 4.4300000000000004e-07
1.5057499999999807e-06 3.0200000000000003e-07 5.64e-07 4.4400000000000006e-07
1.5059999999999806e-06 3.0200000000000003e-07 5.64e-07 4.4400000000000006e-07
1.5062499999999805e-06 3.0200000000000003e-07 5.65e-07 4.4500000000000003e-07
1.5064999999999804e-06 3.0200000000000003e-07 5.65e-07 4.4500000000000003e-07
1.5067499999999803e-06 3.0200000000000003e-07 5.65e-07 4.4500000000000003e-07
1.5069999999999802e-06 3.04e-07 5.57e-07 4.3700000000000006e-07
1.5072499999999801e-06 3.04e-07 5.57e-07 4.3700000000000006e-07
1.50749999999998e-06 3.04e-07 5.57e-07 4.3700000000000006e-07
1.50774999999998e-06 3.04e-07 5.58e-07 4.3800000000000003e-07
1.5079999999999799e-06 3.04e-07 5.58e-07 4.3800000000000003e-07
1.5082499999999798e-06 3.04e-07 5.59e-07 4.3900000000000005e-07
1.5084999999999797e-06 3.04e-07 5.59e-07 4.3900000000000005e-07
1.5087499999999796e-06 3.04e-07 5.59e-07 4.3900000000000005e-07
1.5089999999999795e-06 3.04e-07 5.6e-07 4.4e-07
1.5092499999999795e-06 3.04e-07 5.6e-07 4.4e-07
1.5094999999999794e-06 3.04e-07 5.61e-07 4.4100000000000004e-07
1.5097499999999793e-06 3.04e-07 5.61e-07 4.4100000000000004e-07
1.5099999999999792e-06 3.04e-07 5.61e-07 4.4100000000000004e-07
1.510249999999979e-06 3.04e-07 5.62e-07 4.4200000000000007e-07
1.510499999999979e-06 3.04e-07 5.62e-07 4.4200000000000007e-07
1.510749999999979e-06 3.04e-07 5.63e-07 4.4300000000000004e-07
1.5109999999999788e-06 3.04e-07 5.63e-07 4.4300000000000004e-07
1.5112499999999788e-06 3.04e-07 5.63e-07 4.4300000000000004e-07
1.5114999999999787e-06 3.04e-07 5.64e-07 4.4400000000000006e-07
1.5117499999999786e-06 3.04e-07 5.64e-07 4.4400000000000006e-07
1.5119999999999785e-06 3.04e-07 5.65e-07 4.4500000000000003e-07
1.5122499999999784e-06 3.04e-07 5.65e-07 4.4500000000000003e-07
1.5124999999999783e-06 3.04e-07 5.65e-07 4.4500000000000003e-07
1.5127499999999782e-06 3.06e-07 5.57e-07 4.3700000000000006e-07
1.5129999999999781e-06 3.06e-07 5.57e-07 4.3700000000000006e-07
1.513249999999978e-06 3.06e-07 5.57e-07 4.3700000000000006e-07
1.513499999999978e-06 3.06e-07 5.58e-07 4.3800000000000003e-07
1.5137499999999779e-06 3.06e-07 5.58e-07 4.3800000000000003e-07
1.5139999999999778e-06 3.06e-07 5.59e-07 4.3900000000000005e-07
1.5142499999999777e-06 3.06e-07 5.59e-07 4.3900000000000005e-07
1.5144999999999776e-06 3.06e-07 5.6e-07 4.4e-07
1.5147499999999775e-06 3.06e-07 5.6e-07 4.4e-07
1.5149999999999774e-06 3.06e-07 5.6e-07 4.4e-07
1.5152499999999774e-06 3.06e-07 5.61e-07 4.4100000000000004e-07
1.5154999999999773e-06 3.06e-07 5.61e-07 4.4100000000000004e-07
1.5157499999999772e-06 3.06e-07 5.62e-07 4.4200000000000007e-07
1.515999999999977e-06 3.06e-07 5.62e-07 4.4200000000000007e-07
1.516249999999977e-06 3.06e-07 5.62e-07 4.4200000000000007e-07
1.516499999999977e-06 3.06e-07 5.63e-07 4.4300000000000004e-07
1.5167499999999768e-06 3.06e-07 5.63e-07 4.4300000000000004e-07
1.5169999999999768e-06 3.06e-07 5.64e-07 4.4400000000000006e-07
1.5172499999999767e-06 3.06e-07 5.64e-07 4.4400000000000006e-07
1.5174999999999766e-06 3.06e-07 5.64e-07 4.4400000000000006e-07
1.5177499999999765e-06 3.06e-07 5.65e-07 4.4500000000000003e-07
1.5179999999999764e-06 3.06e-07 5.65e-07 4.4500000000000003e-07
1.5182499999999763e-06 3.06e-07 5.66e-07 4.4600000000000005e-07
1.5184999999999762e-06 3.08e-07 5.57e-07 4.3700000000000006e-07
1.5187499999999761e-06 3.08e-07 5.57e-07 4.3700000000000006e-07
1.518999999999976e-06 3.08e-07 5.58e-07 4.3800000000000003e-07
1.519249999999976e-06 3.08e-07 5.58e-07 4.3800000000000003e-07
1.5194999999999759e-06 3.08e-07 5.58e-07 4.3800000000000003e-07
1.5197499999999758e-06 3.08e-07 5.59e-07 4.3900000000000005e-07
1.5199999999999757e-06 3.08e-07 5.59e-07 4.3900000000000005e-07
1.5202499999999756e-06 3.08e-07 5.6e-07 4.4e-07
1.5204999999999755e-06 3.08e-07 5.6e-07 4.4e-07
1.5207499999999754e-06 3.08e-07 5.6e-07 4.4e-07
1.5209999999999754e-06 3.08e-07 5.61e-07 4.4100000000000004e-07
1.5212499999999753e-06 3.08e-07 5.61e-07 4.4100000000000004e-07
1.5214999999999752e-06 3.08e-07 5.62e-07 4.4200000000000007e-07
1.521749999999975e-06 3.08e-07 5.62e-07 4.4200000000000007e-07
1.521999999999975e-06 3.08e-07 5.62e-07 4.4200000000000007e-07
1.522249999999975e-06 3.08e-07 5.63e-07 4.4300000000000004e-07
1.5224999999999748e-06 3.08e-07 5.63e-07 4.4300000000000004e-07
1.5227499999999747e-06 3.08e-07 5.64e-07 4.4400000000000006e-07
1.5229999999999747e-06 3.08e-07 5.64e-07 4.4400000000000006e-07
1.5232499999999746e-06 3.08e-07 5.64e-07 4.4400000000000006e-07
1.5234999999999745e-06 3.08e-07 5.65e-07 4.4500000000000003e-07
1.5237499999999744e-06 3.08e-07 5.65e-07 4.4500000000000003e-07
1.5239999999999743e-06 3.1e-07 5.560000000000001e-07 4.3600000000000004e-07
1.5242499999999742e-06 3.1e-07 5.57e-07 4.3700000000000006e-07
1.5244999999999741e-06 3.1e-07 5.57e-07 4.3700000000000006e-07
1.524749999999974e-06 3.1e-07 5.58e-07 4.3800000000000003e-07
1.524999999999974e-06 3.1e-07 5.58e-07 4.3800000000000003e-07
1.5252499999999739e-06 3.1e-07 5.58e-07 4.3800000000000003e-07
1.5254999999999738e-06 3.1e-07 5.59e-07 4.3900000000000005e-07
1.5257499999999737e-06 3.1e-07 5.59e-07 4.3900000000000005e-07
1.5259999999999736e-06 3.1e-07 5.6e-07 4.4e-07
1.5262499999999735e-06 3.1e-07 5.6e-07 4.4e-07
1.5264999999999734e-06 3.1e-07 5.6e-07 4.4e-07
1.5267499999999734e-06 3.1e-07 5.61e-07 4.4100000000000004e-07
1.5269999999999733e-06 3.1e-07 5.61e-07 4.4100000000000004e-07
1.5272499999999732e-06 3.1e-07 5.62e-07 4.4200000000000007e-07
1.527499999999973e-06 3.1e-07 5.62e-07 4.4200000000000007e-07
1.527749999999973e-06 3.1e-07 5.62e-07 4.4200000000000007e-07
1.527999999999973e-06 3.1e-07 5.63e-07 4.4300000000000004e-07
1.5282499999999728e-06 3.1e-07 5.63e-07 4.4300000000000004e-07
1.5284999999999727e-06 3.1e-07 5.64e-07 4.4400000000000006e-07
1.5287499999999727e-06 3.1e-07 5.64e-07 4.4400000000000006e-07
1.5289999999999726e-06 3.1e-07 5.64e-07 4.4400000000000006e-07
1.5292499999999725e-06 3.1e-07 5.65e-07 4.4500000000000003e-07
1.5294999999999724e-06 3.1e-07 5.65e-07 4.4500000000000003e-07
1.5297499999999723e-06 3.1200000000000004e-07 5.560000000000001e-07 4.3600000000000004e-07
1.5299999999999722e-06 3.1200000000000004e-07 5.550000000000001e-07 4.35e-07
1.5302499999999721e-06 3.1200000000000004e-07 5.57e-07 4.3700000000000006e-07
1.530499999999972e-06 3.1200000000000004e-07 5.560000000000001e-07 4.36e-07
1.530749999999972e-06 3.1200000000000004e-07 5.58e-07 4.3800000000000003e-07
1.5309999999999719e-06 3.1200000000000004e-07 5.57e-07 4.37e-07
1.5312499999999718e-06 3.1200000000000004e-07 5.59e-07 4.3900000000000005e-07
1.5314999999999717e-06 3.1200000000000004e-07 5.59e-07 4.3900000000000005e-07
1.5317499999999716e-06 3.1200000000000004e-07 5.6e-07 4.4e-07
1.5319999999999715e-06 3.1200000000000004e-07 5.6e-07 4.4e-07
1.5322499999999714e-06 3.1200000000000004e-07 5.61e-07 4.4100000000000004e-07
1.5324999999999714e-06 3.1200000000000004e-07 5.61e-07 4.4100000000000004e-07
1.5327499999999713e-06 3.1200000000000004e-07 5.61e-07 4.4100000000000004e-07
1.5329999999999712e-06 3.1200000000000004e-07 5.6e-07 4.4e-07
1.533249999999971e-06 3.1200000000000004e-07 5.62e-07 4.4200000000000007e-07
1.533499999999971e-06 3.1200000000000004e-07 5.610000000000001e-07 4.41e-07
1.533749999999971e-06 3.1200000000000004e-07 5.63e-07 4.4300000000000004e-07
1.5339999999999708e-06 3.1200000000000004e-07 5.63e-07 4.4300000000000004e-07
1.5342499999999707e-06 3.1200000000000004e-07 5.64e-07 4.4400000000000006e-07
1.5344999999999707e-06 3.1200000000000004e-07 5.64e-07 4.4400000000000006e-07
1.5347499999999706e-06 3.1200000000000004e-07 5.65e-07 4.4500000000000003e-07
1.5349999999999705e-06 3.1200000000000004e-07 5.65e-07 4.4500000000000003e-07
1.5352499999999704e-06 3.1200000000000004e-07 5.65e-07 4.4500000000000003e-07
1.5354999999999703e-06 3.1400000000000003e-07 5.550000000000001e-07 4.35e-07
1.5357499999999702e-06 3.1400000000000003e-07 5.57e-07 4.3700000000000006e-07
1.5359999999999701e-06 3.1400000000000003e-07 5.57e-07 4.3700000000000006e-07
1.53624999999997e-06 3.1400000000000003e-07 5.58e-07 4.3800000000000003e-07
1.53649999999997e-06 3.1400000000000003e-07 5.58e-07 4.3800000000000003e-07
1.5367499999999699e-06 3.1400000000000003e-07 5.57e-07 4.37e-07
1.5369999999999698e-06 3.1400000000000003e-07 5.57e-07 4.37e-07
1.5372499999999697e-06 3.1400000000000003e-07 5.59e-07 4.3900000000000005e-07
1.5374999999999696e-06 3.1400000000000003e-07 5.580000000000001e-07 4.38e-07
1.5377499999999695e-06 3.1400000000000003e-07 5.6e-07 4.4e-07
1.5379999999999694e-06 3.1400000000000003e-07 5.590000000000001e-07 4.39e-07
1.5382499999999693e-06 3.1400000000000003e-07 5.61e-07 4.4100000000000004e-07
1.5384999999999693e-06 3.1400000000000003e-07 5.61e-07 4.4100000000000004e-07
1.5387499999999692e-06 3.1400000000000003e-07 5.62e-07 4.4200000000000007e-07
1.538999999999969e-06 3.1400000000000003e-07 5.62e-07 4.4200000000000007e-07
1.539249999999969e-06 3.1400000000000003e-07 5.63e-07 4.4300000000000004e-07
1.539499999999969e-06 3.1400000000000003e-07 5.63e-07 4.4300000000000004e-07
1.5397499999999688e-06 3.1400000000000003e-07 5.63e-07 4.4300000000000004e-07
1.5399999999999687e-06 3.1400000000000003e-07 5.620000000000001e-07 4.42e-07
1.5402499999999687e-06 3.1400000000000003e-07 5.64e-07 4.4400000000000006e-07
1.5404999999999686e-06 3.1400000000000003e-07 5.63e-07 4.43e-07
1.5407499999999685e-06 3.1400000000000003e-07 5.65e-07 4.4500000000000003e-07
1.5409999999999684e-06 3.1400000000000003e-07 5.65e-07 4.4500000000000003e-07
1.5412499999999683e-06 3.16e-07 5.550000000000001e-07 4.35e-07
1.5414999999999682e-06 3.16e-07 5.550000000000001e-07 4.35e-07
1.5417499999999681e-06 3.16e-07 5.57e-07 4.3700000000000006e-07
1.541999999999968e-06 3.16e-07 5.560000000000001e-07 4.36e-07
1.542249999999968e-06 3.16e-07 5.58e-07 4.3800000000000003e-07
1.5424999999999679e-06 3.16e-07 5.57e-07 4.37e-07
1.5427499999999678e-06 3.16e-07 5.59e-07 4.3900000000000005e-07
1.5429999999999677e-06 3.16e-07 5.59e-07 4.3900000000000005e-07
1.5432499999999676e-06 3.16e-07 5.6e-07 4.4e-07
1.5434999999999675e-06 3.16e-07 5.6e-07 4.4e-07
1.5437499999999674e-06 3.16e-07 5.590000000000001e-07 4.39e-07
1.5439999999999673e-06 3.16e-07 5.590000000000001e-07 4.39e-07
1.5442499999999673e-06 3.16e-07 5.61e-07 4.4100000000000004e-07
1.5444999999999672e-06 3.16e-07 5.6e-07 4.4e-07
1.544749999999967e-06 3.16e-07 5.62e-07 4.4200000000000007e-07
1.544999999999967e-06 3.16e-07 5.610000000000001e-07 4.41e-07
1.545249999999967e-06 3.16e-07 5.63e-07 4.4300000000000004e-07
1.5454999999999668e-06 3.16e-07 5.63e-07 4.4300000000000004e-07
1.5457499999999667e-06 3.16e-07 5.64e-07 4.4400000000000006e-07
1.5459999999999666e-06 3.16e-07 5.64e-07 4.4400000000000006e-07
1.5462499999999666e-06 3.16e-07 5.65e-07 4.4500000000000003e-07
1.5464999999999665e-06 3.16e-07 5.65e-07 4.4500000000000003e-07
1.5467499999999664e-06 3.16e-07 5.65e-07 4.4500000000000003e-07
1.5469999999999663e-06 3.18e-07 5.550000000000001e-07 4.35e-07
1.5472499999999662e-06 3.18e-07 5.57e-07 4.3700000000000006e-07
1.5474999999999661e-06 3.18e-07 5.560000000000001e-07 4.36e-07
1.547749999999966e-06 3.18e-07 5.58e-07 4.3800000000000003e-07
1.547999999999966e-06 3.18e-07 5.560000000000001e-07 4.36e-07
1.5482499999999659e-06 3.18e-07 5.57e-07 4.37e-07
1.5484999999999658e-06 3.18e-07 5.57e-07 4.37e-07
1.5487499999999657e-06 3.18e-07 5.580000000000001e-07 4.38e-07
1.5489999999999656e-06 3.18e-07 5.580000000000001e-07 4.38e-07
1.5492499999999655e-06 3.18e-07 5.6e-07 4.4e-07
1.5494999999999654e-06 3.18e-07 5.590000000000001e-07 4.39e-07
1.5497499999999653e-06 3.18e-07 5.61e-07 4.4100000000000004e-07
1.5499999999999653e-06 3.18e-07 5.6e-07 4.4e-07
1.5502499999999652e-06 3.18e-07 5.62e-07 4.4200000000000007e-07
1.550499999999965e-06 3.18e-07 5.62e-07 4.4200000000000007e-07
1.550749999999965e-06 3.18e-07 5.63e-07 4.4300000000000004e-07
1.550999999999965e-06 3.18e-07 5.610000000000001e-07 4.41e-07
1.5512499999999648e-06 3.18e-07 5.620000000000001e-07 4.42e-07
1.5514999999999647e-06 3.18e-07 5.620000000000001e-07 4.42e-07
1.5517499999999646e-06 3.18e-07 5.64e-07 4.4400000000000006e-07
1.5519999999999646e-06 3.18e-07 5.63e-07 4.43e-07
1.5522499999999645e-06 3.18e-07 5.65e-07 4.4500000000000003e-07
1.5524999999999644e-06 3.18e-07 5.64e-07 4.44e-07
1.5527499999999643e-06 3.2e-07 5.57e-07 4.3700000000000006e-07
1.5529999999999642e-06 3.2e-07 5.550000000000001e-07 4.35e-07
1.5532499999999641e-06 3.2e-07 5.560000000000001e-07 4.36e-07
1.553499999999964e-06 3.2e-07 5.560000000000001e-07 4.36e-07
1.553749999999964e-06 3.2e-07 5.58e-07 4.3800000000000003e-07
1.5539999999999639e-06 3.2e-07 5.57e-07 4.37e-07
1.5542499999999638e-06 3.2e-07 5.59e-07 4.3900000000000005e-07
1.5544999999999637e-06 3.2e-07 5.580000000000001e-07 4.38e-07
1.5547499999999636e-06 3.2e-07 5.6e-07 4.4e-07
1.5549999999999635e-06 3.2e-07 5.580000000000001e-07 4.38e-07
1.5552499999999634e-06 3.2e-07 5.61e-07 4.4100000000000004e-07
1.5554999999999633e-06 3.2e-07 5.590000000000001e-07 4.39e-07
1.5557499999999633e-06 3.2e-07 5.6e-07 4.4e-07
1.5559999999999632e-06 3.2e-07 5.6e-07 4.4e-07
1.556249999999963e-06 3.2e-07 5.62e-07 4.4200000000000007e-07
1.556499999999963e-06 3.2e-07 5.610000000000001e-07 4.41e-07
1.556749999999963e-06 3.2e-07 5.63e-07 4.4300000000000004e-07
1.5569999999999628e-06 3.2e-07 5.620000000000001e-07 4.42e-07
1.5572499999999627e-06 3.2e-07 5.64e-07 4.4400000000000006e-07
1.5574999999999626e-06 3.2e-07 5.64e-07 4.4400000000000006e-07
1.5577499999999626e-06 3.2e-07 5.65e-07 4.4500000000000003e-07
1.5579999999999625e-06 3.2e-07 5.63e-07 4.43e-07
1.5582499999999624e-06 3.22e-07 5.560000000000001e-07 4.3600000000000004e-07
1.5584999999999623e-06 3.22e-07 5.550000000000001e-07 4.35e-07
1.5587499999999622e-06 3.22e-07 5.57e-07 4.3700000000000006e-07
1.5589999999999621e-06 3.22e-07 5.560000000000001e-07 4.36e-07
1.559249999999962e-06 3.22e-07 5.58e-07 4.3800000000000003e-07
1.559499999999962e-06 3.22e-07 5.58e-07 4.3800000000000003e-07
1.5597499999999619e-06 3.22e-07 5.59e-07 4.3900000000000005e-07
1.5599999999999618e-06 3.22e-07 5.57e-07 4.37e-07
1.5602499999999617e-06 3.22e-07 5.580000000000001e-07 4.38e-07
1.5604999999999616e-06 3.22e-07 5.580000000000001e-07 4.38e-07
1.5607499999999615e-06 3.22e-07 5.6e-07 4.4e-07
1.5609999999999614e-06 3.22e-07 5.590000000000001e-07 4.39e-07
1.5612499999999613e-06 3.22e-07 5.61e-07 4.4100000000000004e-07
1.5614999999999612e-06 3.22e-07 5.6e-07 4.4e-07
1.5617499999999612e-06 3.22e-07 5.62e-07 4.4200000000000007e-07
1.561999999999961e-06 3.22e-07 5.6e-07 4.4e-07
1.562249999999961e-06 3.22e-07 5.63e-07 4.4300000000000004e-07
1.562499999999961e-06 3.22e-07 5.610000000000001e-07 4.41e-07
1.5627499999999608e-06 3.22e-07 5.64e-07 4.4400000000000006e-07
1.5629999999999607e-06 3.22e-07 5.620000000000001e-07 4.42e-07
1.5632499999999606e-06 3.22e-07 5.64e-07 4.4400000000000006e-07
1.5634999999999606e-06 3.22e-07 5.63e-07 4.43e-07
1.5637499999999605e-06 3.22e-07 5.65e-07 4.4500000000000003e-07
1.5639999999999604e-06 3.2400000000000004e-07 5.550000000000001e-07 4.35e-07
1.5642499999999603e-06 3.2400000000000004e-07 5.57e-07 4.3700000000000006e-07
1.5644999999999602e-06 3.2400000000000004e-07 5.550000000000001e-07 4.35e-07
1.5647499999999601e-06 3.2400000000000004e-07 5.58e-07 4.3800000000000003e-07
1.56499999999996e-06 3.2400000000000004e-07 5.560000000000001e-07 4.36e-07
1.56524999999996e-06 3.2400000000000004e-07 5.57e-07 4.37e-07
1.5654999999999599e-06 3.2400000000000004e-07 5.57e-07 4.37e-07
1.5657499999999598e-06 3.2400000000000004e-07 5.59e-07 4.3900000000000005e-07
1.5659999999999597e-06 3.2400000000000004e-07 5.580000000000001e-07 4.38e-07
1.5662499999999596e-06 3.2400000000000004e-07 5.6e-07 4.4e-07
1.5664999999999595e-06 3.2400000000000004e-07 5.590000000000001e-07 4.39e-07
1.5667499999999594e-06 3.2400000000000004e-07 5.61e-07 4.4100000000000004e-07
1.5669999999999593e-06 3.2400000000000004e-07 5.590000000000001e-07 4.39e-07
1.5672499999999592e-06 3.2400000000000004e-07 5.62e-07 4.4200000000000007e-07
1.5674999999999592e-06 3.2400000000000004e-07 5.6e-07 4.4e-07
1.567749999999959e-06 3.2400000000000004e-07 5.610000000000001e-07 4.41e-07
1.567999999999959e-06 3.2400000000000004e-07 5.610000000000001e-07 4.41e-07
1.568249999999959e-06 3.2400000000000004e-07 5.63e-07 4.4300000000000004e-07
1.5684999999999588e-06 3.2400000000000004e-07 5.620000000000001e-07 4.42e-07
1.5687499999999587e-06 3.2400000000000004e-07 5.64e-07 4.4400000000000006e-07
1.5689999999999586e-06 3.2400000000000004e-07 5.63e-07 4.43e-07
1.5692499999999585e-06 3.2400000000000004e-07 5.65e-07 4.4500000000000003e-07
1.5694999999999585e-06 3.2400000000000004e-07 5.63e-07 4.43e-07
1.5697499999999584e-06 3.2600000000000003e-07 5.57e-07 4.3700000000000006e-07
1.5699999999999583e-06 3.2600000000000003e-07 5.550000000000001e-07 4.35e-07
1.5702499999999582e-06 3.2600000000000003e-07 5.57e-07 4.3700000000000006e-07
1.5704999999999581e-06 3.2600000000000003e-07 5.560000000000001e-07 4.36e-07
1.570749999999958e-06 3.2600000000000003e-07 5.58e-07 4.3800000000000003e-07
1.570999999999958e-06 3.2600000000000003e-07 5.57e-07 4.37e-07
1.5712499999999579e-06 3.2600000000000003e-07 5.59e-07 4.3900000000000005e-07
1.5714999999999578e-06 3.2600000000000003e-07 5.57e-07 4.37e-07
1.5717499999999577e-06 3.2600000000000003e-07 5.6e-07 4.4e-07
1.5719999999999576e-06 3.2600000000000003e-07 5.580000000000001e-07 4.38e-07
1.5722499999999575e-06 3.2600000000000003e-07 5.61e-07 4.4100000000000004e-07
1.5724999999999574e-06 3.2600000000000003e-07 5.590000000000001e-07 4.39e-07
1.5727499999999573e-06 3.2600000000000003e-07 5.61e-07 4.4100000000000004e-07
1.5729999999999572e-06 3.2600000000000003e-07 5.6e-07 4.4e-07
1.5732499999999572e-06 3.2600000000000003e-07 5.62e-07 4.4200000000000007e-07
1.573499999999957e-06 3.2600000000000003e-07 5.610000000000001e-07 4.41e-07
1.573749999999957e-06 3.2600000000000003e-07 5.63e-07 4.4300000000000004e-07
1.5739999999999569e-06 3.2600000000000003e-07 5.610000000000001e-07 4.41e-07
1.5742499999999568e-06 3.2600000000000003e-07 5.64e-07 4.4400000000000006e-07
1.5744999999999567e-06 3.2600000000000003e-07 5.620000000000001e-07 4.42e-07
1.5747499999999566e-06 3.2600000000000003e-07 5.65e-07 4.4500000000000003e-07
1.5749999999999565e-06 3.2600000000000003e-07 5.63e-07 4.43e-07
1.5752499999999565e-06 3.2600000000000003e-07 5.65e-07 4.4500000000000003e-07
1.5754999999999564e-06 3.28e-07 5.550000000000001e-07 4.35e-07
1.5757499999999563e-06 3.28e-07 5.57e-07 4.3700000000000006e-07
1.5759999999999562e-06 3.28e-07 5.57e-07 4.3700000000000006e-07
1.5762499999999561e-06 3.28e-07 5.58e-07 4.3800000000000003e-07
1.576499999999956e-06 3.28e-07 5.560000000000001e-07 4.36e-07
1.576749999999956e-06 3.28e-07 5.59e-07 4.3900000000000005e-07
1.5769999999999558e-06 3.28e-07 5.57e-07 4.37e-07
1.5772499999999558e-06 3.28e-07 5.59e-07 4.3900000000000005e-07
1.5774999999999557e-06 3.28e-07 5.580000000000001e-07 4.38e-07
1.5777499999999556e-06 3.28e-07 5.6e-07 4.4e-07
1.5779999999999555e-06 3.28e-07 5.590000000000001e-07 4.39e-07
1.5782499999999554e-06 3.28e-07 5.61e-07 4.4100000000000004e-07
1.5784999999999553e-06 3.28e-07 5.61e-07 4.4100000000000004e-07
1.5787499999999552e-06 3.28e-07 5.62e-07 4.4200000000000007e-07
1.5789999999999552e-06 3.28e-07 5.6e-07 4.4e-07
1.579249999999955e-06 3.28e-07 5.63e-07 4.4300000000000004e-07
1.579499999999955e-06 3.28e-07 5.610000000000001e-07 4.41e-07
1.5797499999999549e-06 3.28e-07 5.64e-07 4.4400000000000006e-07
1.5799999999999548e-06 3.28e-07 5.620000000000001e-07 4.42e-07
1.5802499999999547e-06 3.28e-07 5.64e-07 4.4400000000000006e-07
1.5804999999999546e-06 3.28e-07 5.63e-07 4.43e-07
1.5807499999999545e-06 3.28e-07 5.65e-07 4.4500000000000003e-07
1.5809999999999545e-06 3.28e-07 5.64e-07 4.44e-07
1.5812499999999544e-06 3.3e-07 5.57e-07 4.3700000000000006e-07
1.5814999999999543e-06 3.3e-07 5.57e-07 4.3700000000000006e-07
1.5817499999999542e-06 3.3e-07 5.58e-07 4.3800000000000003e-07
1.5819999999999541e-06 3.3e-07 5.560000000000001e-07 4.36e-07
1.582249999999954e-06 3.3e-07 5.58e-07 4.3800000000000003e-07
1.582499999999954e-06 3.3e-07 5.57e-07 4.37e-07
1.5827499999999538e-06 3.3e-07 5.59e-07 4.3900000000000005e-07
1.5829999999999538e-06 3.3e-07 5.580000000000001e-07 4.38e-07
1.5832499999999537e-06 3.3e-07 5.6e-07 4.4e-07
1.5834999999999536e-06 3.3e-07 5.6e-07 4.4e-07
1.5837499999999535e-06 3.3e-07 5.61e-07 4.4100000000000004e-07
1.5839999999999534e-06 3.3e-07 5.590000000000001e-07 4.39e-07
1.5842499999999533e-06 3.3e-07 5.62e-07 4.4200000000000007e-07
1.5844999999999532e-06 3.3e-07 5.6e-07 4.4e-07
1.5847499999999531e-06 3.3e-07 5.62e-07 4.4200000000000007e-07
1.584999999999953e-06 3.3e-07 5.610000000000001e-07 4.41e-07
1.585249999999953e-06 3.3e-07 5.63e-07 4.4300000000000004e-07
1.5854999999999529e-06 3.3e-07 5.620000000000001e-07 4.42e-07
1.5857499999999528e-06 3.3e-07 5.64e-07 4.4400000000000006e-07
1.5859999999999527e-06 3.3e-07 5.620000000000001e-07 4.42e-07
1.5862499999999526e-06 3.3e-07 5.65e-07 4.4500000000000003e-07
1.5864999999999525e-06 3.3e-07 5.63e-07 4.43e-07
1.5867499999999525e-06 3.3e-07 5.66e-07 4.4600000000000005e-07
1.5869999999999524e-06 3.32e-07 5.550000000000001e-07 4.35e-07
1.5872499999999523e-06 3.32e-07 5.57e-07 4.3700000000000006e-07
1.5874999999999522e-06 3.32e-07 5.560000000000001e-07 4.36e-07
1.587749999999952e-06 3.32e-07 5.58e-07 4.3800000000000003e-07
1.587999999999952e-06 3.32e-07 5.58e-07 4.3800000000000003e-07
1.588249999999952e-06 3.32e-07 5.59e-07 4.3900000000000005e-07
1.5884999999999518e-06 3.32e-07 5.59e-07 4.3900000000000005e-07
1.5887499999999518e-06 3.32e-07 5.6e-07 4.4e-07
1.5889999999999517e-06 3.32e-07 5.580000000000001e-07 4.38e-07
1.5892499999999516e-06 3.32e-07 5.6e-07 4.4e-07
1.5894999999999515e-06 3.32e-07 5.590000000000001e-07 4.39e-07
1.5897499999999514e-06 3.32e-07 5.61e-07 4.4100000000000004e-07
1.5899999999999513e-06 3.32e-07 5.6e-07 4.4e-07
1.5902499999999512e-06 3.32e-07 5.62e-07 4.4200000000000007e-07
1.5904999999999511e-06 3.32e-07 5.62e-07 4.4200000000000007e-07
1.590749999999951e-06 3.32e-07 5.63e-07 4.4300000000000004e-07
1.590999999999951e-06 3.32e-07 5.63e-07 4.4300000000000004e-07
1.5912499999999509e-06 3.32e-07 5.64e-07 4.4400000000000006e-07
1.5914999999999508e-06 3.32e-07 5.620000000000001e-07 4.42e-07
1.5917499999999507e-06 3.32e-07 5.64e-07 4.4400000000000006e-07
1.5919999999999506e-06 3.32e-07 5.63e-07 4.43e-07
1.5922499999999505e-06 3.32e-07 5.65e-07 4.4500000000000003e-07
1.5924999999999504e-06 3.34e-07 5.560000000000001e-07 4.3600000000000004e-07
1.5927499999999504e-06 3.34e-07 5.57e-07 4.3700000000000006e-07
1.5929999999999503e-06 3.34e-07 5.57e-07 4.3700000000000006e-07
1.5932499999999502e-06 3.34e-07 5.58e-07 4.3800000000000003e-07
1.59349999999995e-06 3.34e-07 5.58e-07 4.3800000000000003e-07
1.59374999999995e-06 3.34e-07 5.58e-07 4.3800000000000003e-07
1.59399999999995e-06 3.34e-07 5.59e-07 4.3900000000000005e-07
1.5942499999999498e-06 3.34e-07 5.59e-07 4.3900000000000005e-07
1.5944999999999498e-06 3.34e-07 5.580000000000001e-07 4.38e-07
1.5947499999999497e-06 3.34e-07 5.6e-07 4.4e-07
1.5949999999999496e-06 3.34e-07 5.6e-07 4.4e-07
1.5952499999999495e-06 3.34e-07 5.61e-07 4.4100000000000004e-07
1.5954999999999494e-06 3.34e-07 5.61e-07 4.4100000000000004e-07
1.5957499999999493e-06 3.34e-07 5.62e-07 4.4200000000000007e-07
1.5959999999999492e-06 3.34e-07 5.62e-07 4.4200000000000007e-07
1.5962499999999491e-06 3.34e-07 5.63e-07 4.4300000000000004e-07
1.596499999999949e-06 3.34e-07 5.610000000000001e-07 4.41e-07
1.596749999999949e-06 3.34e-07 5.63e-07 4.4300000000000004e-07
1.5969999999999489e-06 3.34e-07 5.620000000000001e-07 4.42e-07
1.5972499999999488e-06 3.34e-07 5.64e-07 4.4400000000000006e-07
1.5974999999999487e-06 3.34e-07 5.63e-07 4.43e-07
1.5977499999999486e-06 3.34e-07 5.65e-07 4.4500000000000003e-07
1.5979999999999485e-06 3.34e-07 5.65e-07 4.4500000000000003e-07
1.5982499999999484e-06 3.3600000000000004e-07 5.57e-07 4.3700000000000006e-07
1.5984999999999484e-06 3.3600000000000004e-07 5.57e-07 4.3700000000000006e-07
1.5987499999999483e-06 3.3600000000000004e-07 5.57e-07 4.3700000000000006e-07
1.5989999999999482e-06 3.3600000000000004e-07 5.58e-07 4.3800000000000003e-07
1.599249999999948e-06 3.3600000000000004e-07 5.58e-07 4.3800000000000003e-07
1.599499999999948e-06 3.3600000000000004e-07 5.59e-07 4.3900000000000005e-07
1.599749999999948e-06 3.3600000000000004e-07 5.59e-07 4.3900000000000005e-07
1.5999999999999478e-06 3.3600000000000004e-07 5.59e-07 4.3900000000000005e-07
1.6002499999999477e-06 3.3600000000000004e-07 5.6e-07 4.4e-07
1.6004999999999477e-06 3.3600000000000004e-07 5.6e-07 4.4e-07
1.6007499999999476e-06 3.3600000000000004e-07 5.61e-07 4.4100000000000004e-07
1.6009999999999475e-06 3.3600000000000004e-07 5.61e-07 4.4100000000000004e-07
1.6012499999999474e-06 3.3600000000000004e-07 5.61e-07 4.4100000000000004e-07
1.6014999999999473e-06 3.3600000000000004e-07 5.62e-07 4.4200000000000007e-07
1.6017499999999472e-06 3.3600000000000004e-07 5.62e-07 4.4200000000000007e-07
1.6019999999999471e-06 3.3600000000000004e-07 5.610000000000001e-07 4.41e-07
1.602249999999947e-06 3.3600000000000004e-07 5.63e-07 4.4300000000000004e-07
1.602499999999947e-06 3.3600000000000004e-07 5.63e-07 4.4300000000000004e-07
1.6027499999999469e-06 3.3600000000000004e-07 5.64e-07 4.4400000000000006e-07
1.6029999999999468e-06 3.3600000000000004e-07 5.64e-07 4.4400000000000006e-07
1.6032499999999467e-06 3.3600000000000004e-07 5.65e-07 4.4500000000000003e-07
1.6034999999999466e-06 3.3600000000000004e-07 5.65e-07 4.4500000000000003e-07
1.6037499999999465e-06 3.3600000000000004e-07 5.65e-07 4.4500000000000003e-07
1.6039999999999464e-06 3.3800000000000004e-07 5.57e-07 4.3700000000000006e-07
1.6042499999999464e-06 3.3800000000000004e-07 5.57e-07 4.3700000000000006e-07
1.6044999999999463e-06 3.3800000000000004e-07 5.57e-07 4.3700000000000006e-07
1.6047499999999462e-06 3.3800000000000004e-07 5.58e-07 4.3800000000000003e-07
1.604999999999946e-06 3.3800000000000004e-07 5.58e-07 4.3800000000000003e-07
1.605249999999946e-06 3.3800000000000004e-07 5.59e-07 4.3900000000000005e-07
1.605499999999946e-06 3.3800000000000004e-07 5.59e-07 4.3900000000000005e-07
1.6057499999999458e-06 3.3800000000000004e-07 5.59e-07 4.3900000000000005e-07
1.6059999999999457e-06 3.3800000000000004e-07 5.6e-07 4.4e-07
1.6062499999999457e-06 3.3800000000000004e-07 5.6e-07 4.4e-07
1.6064999999999456e-06 3.3800000000000004e-07 5.61e-07 4.4100000000000004e-07
1.6067499999999455e-06 3.3800000000000004e-07 5.61e-07 4.4100000000000004e-07
1.6069999999999454e-06 3.3800000000000004e-07 5.61e-07 4.4100000000000004e-07
1.6072499999999453e-06 3.3800000000000004e-07 5.62e-07 4.4200000000000007e-07
1.6074999999999452e-06 3.3800000000000004e-07 5.62e-07 4.4200000000000007e-07
1.6077499999999451e-06 3.3800000000000004e-07 5.63e-07 4.4300000000000004e-07
1.607999999999945e-06 3.3800000000000004e-07 5.63e-07 4.4300000000000004e-07
1.608249999999945e-06 3.3800000000000004e-07 5.63e-07 4.4300000000000004e-07
1.6084999999999449e-06 3.3800000000000004e-07 5.64e-07 4.4400000000000006e-07
1.6087499999999448e-06 3.3800000000000004e-07 5.64e-07 4.4400000000000006e-07
1.6089999999999447e-06 3.3800000000000004e-07 5.65e-07 4.4500000000000003e-07
1.6092499999999446e-06 3.3800000000000004e-07 5.65e-07 4.4500000000000003e-07
1.6094999999999445e-06 3.3800000000000004e-07 5.65e-07 4.4500000000000003e-07
1.6097499999999444e-06 3.4000000000000003e-07 5.57e-07 4.3700000000000006e-07
1.6099999999999444e-06 3.4000000000000003e-07 5.57e-07 4.3700000000000006e-07
1.6102499999999443e-06 3.4000000000000003e-07 5.57e-07 4.3700000000000006e-07
1.6104999999999442e-06 3.4000000000000003e-07 5.58e-07 4.3800000000000003e-07
1.610749999999944e-06 3.4000000000000003e-07 5.58e-07 4.3800000000000003e-07
1.610999999999944e-06 3.4000000000000003e-07 5.59e-07 4.3900000000000005e-07
1.611249999999944e-06 3.4000000000000003e-07 5.59e-07 4.3900000000000005e-07
1.6114999999999438e-06 3.4000000000000003e-07 5.59e-07 4.3900000000000005e-07
1.6117499999999437e-06 3.4000000000000003e-07 5.6e-07 4.4e-07
1.6119999999999437e-06 3.4000000000000003e-07 5.6e-07 4.4e-07
1.6122499999999436e-06 3.4000000000000003e-07 5.61e-07 4.4100000000000004e-07
1.6124999999999435e-06 3.4000000000000003e-07 5.61e-07 4.4100000000000004e-07
1.6127499999999434e-06 3.4000000000000003e-07 5.62e-07 4.4200000000000007e-07
1.6129999999999433e-06 3.4000000000000003e-07 5.62e-07 4.4200000000000007e-07
1.6132499999999432e-06 3.4000000000000003e-07 5.62e-07 4.4200000000000007e-07
1.6134999999999431e-06 3.4000000000000003e-07 5.63e-07 4.4300000000000004e-07
1.613749999999943e-06 3.4000000000000003e-07 5.63e-07 4.4300000000000004e-07
1.613999999999943e-06 3.4000000000000003e-07 5.64e-07 4.4400000000000006e-07
1.6142499999999429e-06 3.4000000000000003e-07 5.64e-07 4.4400000000000006e-07
1.6144999999999428e-06 3.4000000000000003e-07 5.64e-07 4.4400000000000006e-07
1.6147499999999427e-06 3.4000000000000003e-07 5.65e-07 4.4500000000000003e-07
1.6149999999999426e-06 3.4000000000000003e-07 5.65e-07 4.4500000000000003e-07
1.6152499999999425e-06 3.4000000000000003e-07 5.66e-07 4.4600000000000005e-07
1.6154999999999424e-06 3.42e-07 5.57e-07 4.3700000000000006e-07
1.6157499999999423e-06 3.42e-07 5.57e-07 4.3700000000000006e-07
1.6159999999999423e-06 3.42e-07 5.58e-07 4.3800000000000003e-07
1.6162499999999422e-06 3.42e-07 5.58e-07 4.3800000000000003e-07
1.616499999999942e-06 3.42e-07 5.58e-07 4.3800000000000003e-07
1.616749999999942e-06 3.42e-07 5.59e-07 4.3900000000000005e-07
1.616999999999942e-06 3.42e-07 5.59e-07 4.3900000000000005e-07
1.6172499999999418e-06 3.42e-07 5.6e-07 4.4e-07
1.6174999999999417e-06 3.42e-07 5.6e-07 4.4e-07
1.6177499999999417e-06 3.42e-07 5.6e-07 4.4e-07
1.6179999999999416e-06 3.42e-07 5.61e-07 4.4100000000000004e-07
1.6182499999999415e-06 3.42e-07 5.61e-07 4.4100000000000004e-07
1.6184999999999414e-06 3.42e-07 5.62e-07 4.4200000000000007e-07
1.6187499999999413e-06 3.42e-07 5.62e-07 4.4200000000000007e-07
1.6189999999999412e-06 3.42e-07 5.62e-07 4.4200000000000007e-07
1.6192499999999411e-06 3.42e-07 5.63e-07 4.4300000000000004e-07
1.619499999999941e-06 3.42e-07 5.63e-07 4.4300000000000004e-07
1.619749999999941e-06 3.42e-07 5.64e-07 4.4400000000000006e-07
1.6199999999999409e-06 3.42e-07 5.64e-07 4.4400000000000006e-07
1.6202499999999408e-06 3.42e-07 5.64e-07 4.4400000000000006e-07
1.6204999999999407e-06 3.42e-07 5.65e-07 4.4500000000000003e-07
1.6207499999999406e-06 3.42e-07 5.65e-07 4.4500000000000003e-07
1.6209999999999405e-06 3.44e-07 5.560000000000001e-07 4.3600000000000004e-07
1.6212499999999404e-06 3.44e-07 5.57e-07 4.3700000000000006e-07
1.6214999999999403e-06 3.44e-07 5.57e-07 4.3700000000000006e-07
1.6217499999999403e-06 3.44e-07 5.58e-07 4.3800000000000003e-07
1.6219999999999402e-06 3.44e-07 5.58e-07 4.3800000000000003e-07
1.62224999999994e-06 3.44e-07 5.58e-07 4.3800000000000003e-07
1.62249999999994e-06 3.44e-07 5.59e-07 4.3900000000000005e-07
1.62274999999994e-06 3.44e-07 5.59e-07 4.3900000000000005e-07
1.6229999999999398e-06 3.44e-07 5.6e-07 4.4e-07
1.6232499999999397e-06 3.44e-07 5.6e-07 4.4e-07
1.6234999999999396e-06 3.44e-07 5.6e-07 4.4e-07
1.6237499999999396e-06 3.44e-07 5.61e-07 4.4100000000000004e-07
1.6239999999999395e-06 3.44e-07 5.61e-07 4.4100000000000004e-07
1.6242499999999394e-06 3.44e-07 5.62e-07 4.4200000000000007e-07
1.6244999999999393e-06 3.44e-07 5.62e-07 4.4200000000000007e-07
1.6247499999999392e-06 3.44e-07 5.62e-07 4.4200000000000007e-07
1.6249999999999391e-06 3.44e-07 5.63e-07 4.4300000000000004e-07
1.625249999999939e-06 3.44e-07 5.63e-07 4.4300000000000004e-07
1.625499999999939e-06 3.44e-07 5.64e-07 4.4400000000000006e-07
1.6257499999999389e-06 3.44e-07 5.64e-07 4.4400000000000006e-07
1.6259999999999388e-06 3.44e-07 5.64e-07 4.4400000000000006e-07
1.6262499999999387e-06 3.44e-07 5.65e-07 4.4500000000000003e-07
1.6264999999999386e-06 3.44e-07 5.65e-07 4.4500000000000003e-07
1.6267499999999385e-06 3.46e-07 5.560000000000001e-07 4.3600000000000004e-07
1.6269999999999384e-06 3.46e-07 5.57e-07 4.3700000000000006e-07
1.6272499999999383e-06 3.46e-07 5.57e-07 4.3700000000000006e-07
1.6274999999999383e-06 3.46e-07 5.58e-07 4.3800000000000003e-07
1.6277499999999382e-06 3.46e-07 5.58e-07 4.3800000000000003e-07
1.627999999999938e-06 3.46e-07 5.58e-07 4.3800000000000003e-07
1.628249999999938e-06 3.46e-07 5.59e-07 4.3900000000000005e-07
1.628499999999938e-06 3.46e-07 5.59e-07 4.3900000000000005e-07
1.6287499999999378e-06 3.46e-07 5.6e-07 4.4e-07
1.6289999999999377e-06 3.46e-07 5.6e-07 4.4e-07
1.6292499999999376e-06 3.46e-07 5.61e-07 4.4100000000000004e-07
1.6294999999999376e-06 3.46e-07 5.61e-07 4.4100000000000004e-07
1.6297499999999375e-06 3.46e-07 5.61e-07 4.4100000000000004e-07
1.6299999999999374e-06 3.46e-07 5.62e-07 4.4200000000000007e-07
1.6302499999999373e-06 3.46e-07 5.62e-07 4.4200000000000007e-07
1.6304999999999372e-06 3.46e-07 5.63e-07 4.4300000000000004e-07
1.6307499999999371e-06 3.46e-07 5.63e-07 4.4300000000000004e-07
1.630999999999937e-06 3.46e-07 5.63e-07 4.4300000000000004e-07
1.631249999999937e-06 3.46e-07 5.64e-07 4.4400000000000006e-07
1.6314999999999369e-06 3.46e-07 5.64e-07 4.4400000000000006e-07
1.6317499999999368e-06 3.46e-07 5.65e-07 4.4500000000000003e-07
1.6319999999999367e-06 3.46e-07 5.65e-07 4.4500000000000003e-07
1.6322499999999366e-06 3.46e-07 5.65e-07 4.4500000000000003e-07
1.6324999999999365e-06 3.4800000000000005e-07 5.57e-07 4.3700000000000006e-07
1.6327499999999364e-06 3.4800000000000005e-07 5.57e-07 4.3700000000000006e-07
1.6329999999999363e-06 3.4800000000000005e-07 5.57e-07 4.3700000000000006e-07
1.6332499999999363e-06 3.4800000000000005e-07 5.58e-07 4.3800000000000003e-07
1.6334999999999362e-06 3.4800000000000005e-07 5.58e-07 4.3800000000000003e-07
1.633749999999936e-06 3.4800000000000005e-07 5.59e-07 4.3900000000000005e-07
1.633999999999936e-06 3.4800000000000005e-07 5.59e-07 4.3900000000000005e-07
1.634249999999936e-06 3.4800000000000005e-07 5.59e-07 4.3900000000000005e-07
1.6344999999999358e-06 3.4800000000000005e-07 5.6e-07 4.4e-07
1.6347499999999357e-06 3.4800000000000005e-07 5.6e-07 4.4e-07
1.6349999999999356e-06 3.4800000000000005e-07 5.61e-07 4.4100000000000004e-07
1.6352499999999356e-06 3.4800000000000005e-07 5.61e-07 4.4100000000000004e-07
1.6354999999999355e-06 3.4800000000000005e-07 5.61e-07 4.4100000000000004e-07
1.6357499999999354e-06 3.4800000000000005e-07 5.62e-07 4.4200000000000007e-07
1.6359999999999353e-06 3.4800000000000005e-07 5.62e-07 4.4200000000000007e-07
1.6362499999999352e-06 3.4800000000000005e-07 5.63e-07 4.4300000000000004e-07
1.6364999999999351e-06 3.4800000000000005e-07 5.63e-07 4.4300000000000004e-07
1.636749999999935e-06 3.4800000000000005e-07 5.63e-07 4.4300000000000004e-07
1.636999999999935e-06 3.4800000000000005e-07 5.64e-07 4.4400000000000006e-07
1.6372499999999349e-06 3.4800000000000005e-07 5.64e-07 4.4400000000000006e-07
1.6374999999999348e-06 3.4800000000000005e-07 5.65e-07 4.4500000000000003e-07
1.6377499999999347e-06 3.4800000000000005e-07 5.65e-07 4.4500000000000003e-07
1.6379999999999346e-06 3.4800000000000005e-07 5.65e-07 4.4500000000000003e-07
1.6382499999999345e-06 3.5000000000000004e-07 5.57e-07 4.3700000000000006e-07
1.6384999999999344e-06 3.5000000000000004e-07 5.57e-07 4.3700000000000006e-07
1.6387499999999343e-06 3.5000000000000004e-07 5.57e-07 4.3700000000000006e-07
1.6389999999999342e-06 3.5000000000000004e-07 5.58e-07 4.3800000000000003e-07
1.6392499999999342e-06 3.5000000000000004e-07 5.58e-07 4.3800000000000003e-07
1.639499999999934e-06 3.5000000000000004e-07 5.59e-07 4.3900000000000005e-07
1.639749999999934e-06 3.5000000000000004e-07 5.59e-07 4.3900000000000005e-07
1.639999999999934e-06 3.5000000000000004e-07 5.59e-07 4.3900000000000005e-07
1.6402499999999338e-06 3.5000000000000004e-07 5.6e-07 4.4e-07
1.6404999999999337e-06 3.5000000000000004e-07 5.6e-07 4.4e-07
1.6407499999999336e-06 3.5000000000000004e-07 5.61e-07 4.4100000000000004e-07
1.6409999999999336e-06 3.5000000000000004e-07 5.61e-07 4.4100000000000004e-07
1.6412499999999335e-06 3.5000000000000004e-07 5.61e-07 4.4100000000000004e-07
1.6414999999999334e-06 3.5000000000000004e-07 5.62e-07 4.4200000000000007e-07
1.6417499999999333e-06 3.5000000000000004e-07 5.62e-07 4.4200000000000007e-07
1.6419999999999332e-06 3.5000000000000004e-07 5.63e-07 4.4300000000000004e-07
1.6422499999999331e-06 3.5000000000000004e-07 5.63e-07 4.4300000000000004e-07
1.642499999999933e-06 3.5000000000000004e-07 5.63e-07 4.4300000000000004e-07
1.642749999999933e-06 3.5000000000000004e-07 5.64e-07 4.4400000000000006e-07
1.6429999999999329e-06 3.5000000000000004e-07 5.64e-07 4.4400000000000006e-07
1.6432499999999328e-06 3.5000000000000004e-07 5.65e-07 4.4500000000000003e-07
1.6434999999999327e-06 3.5000000000000004e-07 5.65e-07 4.4500000000000003e-07
1.6437499999999326e-06 3.5000000000000004e-07 5.65e-07 4.4500000000000003e-07
1.6439999999999325e-06 3.5200000000000003e-07 5.57e-07 4.3700000000000006e-07
1.6442499999999324e-06 3.5200000000000003e-07 5.57e-07 4.3700000000000006e-07
1.6444999999999323e-06 3.5200000000000003e-07 5.57e-07 4.3700000000000006e-07
1.6447499999999322e-06 3.5200000000000003e-07 5.58e-07 4.3800000000000003e-07
1.6449999999999322e-06 3.5200000000000003e-07 5.58e-07 4.3800000000000003e-07
1.645249999999932e-06 3.5200000000000003e-07 5.59e-07 4.3900000000000005e-07
1.645499999999932e-06 3.5200000000000003e-07 5.59e-07 4.3900000000000005e-07
1.645749999999932e-06 3.5200000000000003e-07 5.6e-07 4.4e-07
1.6459999999999318e-06 3.5200000000000003e-07 5.6e-07 4.4e-07
1.6462499999999317e-06 3.5200000000000003e-07 5.6e-07 4.4e-07
1.6464999999999316e-06 3.5200000000000003e-07 5.61e-07 4.4100000000000004e-07
1.6467499999999315e-06 3.5200000000000003e-07 5.61e-07 4.4100000000000004e-07
1.6469999999999315e-06 3.5200000000000003e-07 5.62e-07 4.4200000000000007e-07
1.6472499999999314e-06 3.5200000000000003e-07 5.62e-07 4.4200000000000007e-07
1.6474999999999313e-06 3.5200000000000003e-07 5.62e-07 4.4200000000000007e-07
1.6477499999999312e-06 3.5200000000000003e-07 5.63e-07 4.4300000000000004e-07
1.6479999999999311e-06 3.5200000000000003e-07 5.63e-07 4.4300000000000004e-07
1.648249999999931e-06 3.5200000000000003e-07 5.64e-07 4.4400000000000006e-07
1.648499999999931e-06 3.5200000000000003e-07 5.64e-07 4.4400000000000006e-07
1.6487499999999309e-06 3.5200000000000003e-07 5.64e-07 4.4400000000000006e-07
1.6489999999999308e-06 3.5200000000000003e-07 5.65e-07 4.4500000000000003e-07
1.6492499999999307e-06 3.5200000000000003e-07 5.65e-07 4.4500000000000003e-07
1.6494999999999306e-06 3.5200000000000003e-07 5.66e-07 4.4600000000000005e-07
1.6497499999999305e-06 3.54e-07 5.57e-07 4.3700000000000006e-07
